LM=12
903.00000 2000.00000
903.00000 1931.00000
900.00000 1417.00000
888.00000 332.00000
345.00000 1542.00000
370.00000 354.00000
631.00000 1793.00000
524.00000 1523.00000
1189.00000 1771.00000
1283.00000 1527.00000
1464.00000 1536.00000
1405.00000 307.00000
IMAGE=Bathynotellus.jpg
ID=Bathynotellus
LM=12
546.00000 1610.00000
546.00000 1566.00000
558.00000 1237.00000
571.00000 425.00000
207.00000 1246.00000
164.00000 224.00000
427.00000 1525.00000
273.00000 1299.00000
662.00000 1528.00000
828.00000 1296.00000
910.00000 1255.00000
975.00000 227.00000
IMAGE=Bathynotus.jpg
ID=Bathynotus
LM=12
445.00000 1444.00000
442.00000 1427.00000
428.00000 994.00000
431.00000 190.00000
117.00000 937.00000
60.00000 811.00000
228.00000 1225.00000
228.00000 1105.00000
639.00000 1236.00000
645.00000 1096.00000
739.00000 945.00000
796.00000 791.00000
IMAGE=Kootenia.jpg
ID=Kootenia
LM=12
482.00000 1408.00000
482.00000 1383.00000
485.00000 1055.00000
471.00000 271.00000
166.00000 1078.00000
89.00000 870.00000
280.00000 1249.00000
271.00000 1166.00000
696.00000 1237.00000
693.00000 1157.00000
807.00000 1083.00000
887.00000 889.00000
IMAGE=Olenoides.jpg
ID=Olenoides
LM=12
716.00000 1800.00000
719.00000 1772.00000
719.00000 1339.00000
730.00000 606.00000
334.00000 1339.00000
177.00000 290.00000
456.00000 1592.00000
448.00000 1450.00000
989.00000 1601.00000
1004.00000 1453.00000
1120.00000 1347.00000
1291.00000 318.00000
IMAGE=Oryctocephalus.jpg
ID=Oryctocephalus
LM=12
781.00000 2337.00000
781.00000 2325.00000
734.00000 1764.00000
671.00000 353.00000
239.00000 1770.00000
123.00000 1074.00000
486.00000 2096.00000
421.00000 1886.00000
1035.00000 2049.00000
1082.00000 1842.00000
1251.00000 1707.00000
1305.00000 1018.00000
IMAGE=Paradoxides.jpg
ID=Paradoxides
LM=12
703.00000 1840.00000
703.00000 1840.00000
674.00000 1267.00000
637.00000 182.00000
245.00000 1213.00000
157.00000 941.00000
533.00000 1674.00000
399.00000 1348.00000
872.00000 1665.00000
957.00000 1326.00000
1170.00000 1151.00000
1211.00000 897.00000
IMAGE=Polypleuraspis.jpg
ID=Polypleuraspis
LM=12
527.00000 1614.00000
521.00000 1589.00000
524.00000 1172.00000
508.00000 357.00000
173.00000 1128.00000
51.00000 122.00000
251.00000 1401.00000
198.00000 1247.00000
803.00000 1401.00000
853.00000 1235.00000
891.00000 1115.00000
941.00000 109.00000
IMAGE=Tonkinella.jpg
ID=Tonkinella
LM=12
552.00000 1384.00000
552.00000 1384.00000
530.00000 886.00000
515.00000 174.00000
151.00000 1023.00000
69.00000 992.00000
314.00000 1187.00000
279.00000 1058.00000
772.00000 1183.00000
797.00000 1049.00000
925.00000 976.00000
997.00000 933.00000
IMAGE=Vanuxemella.jpg
ID=Vanuxemella
LM=12
806.00000 1906.00000
803.00000 1846.00000
765.00000 1269.00000
687.00000 125.00000
214.00000 1298.00000
113.00000 994.00000
499.00000 1680.00000
405.00000 1414.00000
1082.00000 1624.00000
1138.00000 1351.00000
1317.00000 1188.00000
1377.00000 896.00000
IMAGE=Xystridura.jpg
ID=Xystridura
LM=12
837.00000 2035.00000
831.00000 1910.00000
819.00000 1349.00000
803.00000 142.00000
267.00000 1358.00000
129.00000 1139.00000
671.00000 1756.00000
537.00000 1421.00000
991.00000 1750.00000
1104.00000 1424.00000
1386.00000 1349.00000
1508.00000 1117.00000
IMAGE=Callavia.jpg
ID=Callavia 
LM=12
584.00000 1761.00000
584.00000 1710.00000
580.00000 1253.00000
596.00000 463.00000
176.00000 1243.00000
88.00000 1015.00000
421.00000 1566.00000
383.00000 1312.00000
762.00000 1563.00000
803.00000 1322.00000
985.00000 1240.00000
1076.00000 1002.00000
IMAGE=Elliptocephala.jpg
ID=Elliptocephala 
LM=12
775.00000 2532.00000
781.00000 2425.00000
777.00000 1999.00000
759.00000 485.00000
261.00000 1971.00000
73.00000 1827.00000
568.00000 2322.00000
455.00000 2043.00000
1004.00000 2310.00000
1113.00000 2022.00000
1308.00000 1949.00000
1493.00000 1774.00000
IMAGE=Gigantopygus.jpg
ID=Gigantopygus 
LM=12
621.00000 1615.00000
621.00000 1426.00000
618.00000 1035.00000
615.00000 154.00000
154.00000 1097.00000
82.00000 1013.00000
248.00000 1345.00000
226.00000 1132.00000
991.00000 1348.00000
1026.00000 1122.00000
1095.00000 1085.00000
1185.00000 1013.00000
IMAGE=Hindermeyeria.jpg
ID=Hindermeyeria
LM=12
574.00000 1447.00000
571.00000 1409.00000
558.00000 920.00000
549.00000 118.00000
164.00000 983.00000
101.00000 716.00000
370.00000 1230.00000
361.00000 1033.00000
769.00000 1234.00000
769.00000 1020.00000
969.00000 973.00000
1029.00000 726.00000
IMAGE=Holmia.jpg
ID=Holmia
LM=12
1051.00000 2844.00000
1051.00000 2757.00000
1025.00000 1850.00000
979.00000 174.00000
236.00000 1831.00000
61.00000 1574.00000
626.00000 2374.00000
638.00000 1976.00000
1385.00000 2397.00000
1427.00000 1972.00000
1806.00000 1782.00000
1988.00000 1524.00000
IMAGE=Kjerulfia.jpg
ID=Kjerulfia
LM=12
599.00000 1385.00000
599.00000 1354.00000
579.00000 1026.00000
642.00000 199.00000
209.00000 1040.00000
43.00000 823.00000
340.00000 1200.00000
320.00000 1114.00000
875.00000 1183.00000
918.00000 1063.00000
1055.00000 992.00000
1215.00000 735.00000
IMAGE=Lancastria.jpg
ID=Lancastria 
LM=12
710.00000 1982.00000
713.00000 1930.00000
696.00000 1374.00000
670.00000 240.00000
294.00000 1363.00000
140.00000 1221.00000
576.00000 1795.00000
528.00000 1517.00000
847.00000 1791.00000
878.00000 1511.00000
1120.00000 1332.00000
1243.00000 1181.00000
IMAGE=Neltneria.jpg
ID=Neltneria 
LM=12
599.00000 1493.00000
596.00000 1436.00000
582.00000 1131.00000
596.00000 296.00000
166.00000 1180.00000
95.00000 1117.00000
516.00000 1359.00000
462.00000 1197.00000
699.00000 1345.00000
724.00000 1188.00000
1044.00000 1114.00000
1103.00000 1037.00000
IMAGE=Nevadia.jpg
ID=Nevadia
LM=12
706.00000 1748.00000
706.00000 1679.00000
683.00000 1152.00000
652.00000 150.00000
219.00000 1233.00000
86.00000 843.00000
593.00000 1604.00000
477.00000 1244.00000
809.00000 1579.00000
875.00000 1231.00000
1167.00000 1203.00000
1279.00000 814.00000
IMAGE=Redlichia.jpg
ID=Redlichia
LM=12
775.00000 1839.00000
775.00000 1776.00000
765.00000 1343.00000
743.00000 381.00000
283.00000 1428.00000
204.00000 1074.00000
662.00000 1732.00000
474.00000 1400.00000
894.00000 1716.00000
1051.00000 1384.00000
1276.00000 1409.00000
1308.00000 1055.00000
IMAGE=Resserops.jpg
ID=Resserops
LM=12
706.00000 1659.00000
703.00000 1596.00000
696.00000 1205.00000
678.00000 214.00000
377.00000 1346.00000
182.00000 709.00000
631.00000 1565.00000
508.00000 1295.00000
800.00000 1565.00000
888.00000 1292.00000
1041.00000 1342.00000
1207.00000 684.00000
IMAGE=Richterops.jpg
ID=Richterops

