xread
64 20
        Monotremata             00 00000 00000 00000 00000 00000 00000 00000 00000 00000 00000 00000 00000 00
        Metatheria              11 11111 11100 00000 00000 00000 00000 00000 00000 00000 00000 00010 00001 00
        Edentata                11 11000 00011 11111 11111 11111 00000 00000 00000 00000 00001 00000 00000 00
        Pholidota               11 11000 00011 11111 11111 11111 00000 00000 00000 00000 00000 00100 00000 00
        Carnivora               11 11000 00011 11111 11111 00000 11000 00000 00000 00000 00000 00000 00000 00
        Tubulidentata           11 11000 00011 11111 11111 00010 11000 00000 00000 00000 00000 00000 10000 00
        Insectivora             11 11000 00011 11111 11111 00000 11000 00000 00000 00000 00000 00000 00000 00
        Primates                11 11000 00011 11111 11111 00000 11110 00000 00000 00000 00000 00000 00000 00
        Scandentia              11 11000 00011 11111 11111 00000 11110 00000 00000 00000 00000 00000 00000 00
        Dermoptera              11 11000 00011 11111 11111 00000 11111 11111 10000 00000 00000 00110 00000 00
        Chiroptera              11 11000 00011 11111 11111 00000 11111 11111 10000 00000 00000 00000 00000 00
        Macroscelidea           11 11000 00011 11111 11111 00000 11000 00000 01110 00000 00000 00000 00000 00
        Lagomorpha              11 11000 00011 11111 11111 00000 11000 00000 01111 11111 11111 10000 00000 00
        Rodentia                11 11000 00011 11111 11111 00000 11000 00000 01111 11111 11111 10000 00000 00
        Artiodactyla            11 11000 00011 11111 11111 00000 11000 00000 00000 00000 00000 00000 00000 00
        Cetacea                 11 11000 00011 11111 11111 00000 11000 00000 00000 00000 00000 00000 00000 00
        Perissodactyla          11 11000 00011 11111 11111 00000 11000 00000 00100 00000 00000 00000 00000 00
        Hyracoidea              11 11000 00011 11111 11111 00000 11000 00000 00000 00000 00000 01111 10000 00
        Sirenia                 11 11000 00011 11111 11111 00000 11000 00000 00000 00000 00000 01111 11111 11
        Proboscidea             11 11000 00011 11111 11111 00000 11000 00000 00000 00000 00000 01111 11111 11
