"my.ply
"Landmark coordinates for digitized template
1 105 3 0 dim=3
-17.1645910421122  2.72481717491749  0.445534534653465
-9.16160104211221  -16.0769828250825  -3.30716546534654
15.1802089578878  -11.5723828250825  -6.65576546534653
14.0486089578878  9.49941717491749  -3.72276546534653
-1.96692104211221  17.5709171749175  0.614634534653465
0.376915193181907  11.2787136455057  3.69156865230052
-16.0017639368491  -5.49734203560882  0.0649516399166236
-9.34665396346053  12.7023812198613  1.12225925375459
4.80218098320424  7.34882983314534  2.35724466123574
-4.09245928868755  -10.0245609072743  -0.37018601329174
-16.4708910421122  1.05187351294566  0.905973971273184
0.844383261685257  -4.94102586305719  1.60358390174207
11.0082054491159  -13.5758828250825  -6.18341809692548
-14.5691432956333  4.13392703407242  1.45698805578023
9.35959181503065  -11.1684756822254  -4.24283260820368
-1.36200691840087  5.85861511306182  4.394156184138
-2.31399440830939  -16.8004532476177  -4.42913447943104
10.1578704036709  4.34651115082111  -0.397965465346534
-6.91097066236538  3.27621084580357  3.92728769921043
6.19119016478434  -13.340744894048  -4.11177063776033
-1.32703240574857  -7.56020252205221  0.634167867986799
-0.401004057985227  -14.1604907615904  -2.70973530661637
-0.0774730645841211  2.38798571424333  3.86758959083324
-9.9746199310011  -5.68924155524124  1.22656151878045
8.023318834431  7.29921840948539  0.593640707492972
-5.85206751019732  11.2471927068324  3.49981432188751
-17.2067465976678  -2.46180028539997  0.314177391796323
5.36244721185604  -10.9555510790508  -2.60463371931479
14.9353951647843  -0.0754598365767605  -3.60970339638102
8.13814998352882  10.6412953800457  -0.269879567910637
4.1038756721735  -5.56393568222536  0.518375963224895
-11.2100004450973  -1.25612013851534  2.33603901226541
-2.22497708917103  -3.61862047214133  2.50553571112405
18.0604576065364  0.452950958701276  -5.42048573561681
13.6640029337914  3.79446175323074  -2.58955341715376
11.362507692065  0.743222238208631  -1.31205533876426
-1.11249044509729  -10.9669858101571  -1.01959680863012
-6.53257788826606  -12.741304363544  -1.71255315765423
8.23845533469938  -8.37352630334338  -2.56044227694074
-8.85546351402232  8.91222504008604  2.95794352341751
-7.07085321919554  15.3469900915842  0.863511617986799
0.677738451558675  -1.06133472381669  2.87324339541296
-8.85515990287171  0.679520972385847  3.22395352199524
2.55721118011001  4.5225182860286  3.38590231243125
14.9838940930229  7.27509420194452  -3.56539924913032
-7.03023780267559  -6.4949124025473  1.27476552056896
1.37688293049053  13.9425884077942  2.06681261684525
-9.09022005445789  5.61263445886811  3.45108144823371
7.97804798227803  1.11405985784432  0.619001607824197
17.1458161007449  4.11927074634606  -4.54777379867987
4.45574022104568  11.0391529643912  1.68988190307452
5.79538470788779  14.3349159249175  -0.845585465346534
11.5405532436021  11.0095743177746  -2.69740260820368
11.6404780936903  7.60213939713972  -1.54740126781567
12.4003119429624  -2.52326192956012  -2.62701024146594
13.5607624790145  -11.0737053602938  -6.26811194421977
-3.75722058057375  3.25784684524716  4.21526420498314
17.1089211530097  -3.67216697142397  -5.64066912388312
4.87059419598303  -8.35509393619362  -1.14001625899733
-3.55666267847585  -13.5303252493249  -2.20327910171017
-5.5970336185828  -0.241599295670743  3.48001218171229
-2.92235138524946  13.5191926651136  3.47366198563386
-9.70105464866959  -11.7025779070497  -1.15521628501867
-5.41159628020745  7.04634003206035  4.22256596322489
10.5557258592962  -5.54727296592758  -2.51017814140287
-5.89013383622986  -16.0065181192002  -3.64079781828771
-12.3483497213575  -13.0614111269693  -2.1235390502522
8.20926266159149  -15.0792680102677  -5.77991731719839
-7.20115298241072  -9.60652909373923  -0.0114102414659374
-12.4541445421122  7.22963092491749  1.62641453465347
1.50704816243324  8.11565467491749  3.74990158010801
1.5662216721735  -8.42737425365394  -0.146828322489391
7.23596434250317  -5.31961820969789  -0.77205008073115
-12.6804318842175  10.9004761222859  0.443076639916624
-2.53452271211221  9.37534317491749  4.45502053465347
9.39466014836398  14.3516397939651  -2.34186308439415
15.9905655368352  -7.93004466718777  -6.24394441271495
-8.51366130877888  -2.92234149174918  2.46405720132013
3.28287001849385  -2.5162025220522  1.81578453465347
-2.22976998655666  16.4189032860286  1.37300814576458
3.87930183022822  1.05741398342813  2.49081751337687
14.1817756245545  -5.0967467139714  -4.28362102090209
-15.7048076492551  -8.62908818222536  -0.927622608203677
-10.2110943754455  -8.81108737053706  0.161660292229223
-13.4390411936274  -10.6201964614461  -1.13307001080108
-9.25046755726372  -14.8103858553855  -2.90963516231623
2.89362545788779  -14.3472878250825  -3.61659046534653
-2.41653624724042  -0.246918722518405  3.53840248337142
-12.2347292895349  14.428820267701  0.91780257589058
6.2721196721735  3.97128027015559  1.79148096322489
9.18388248729956  -2.3722240015531  -0.722728700640652
-12.95336234646  -7.36541905696657  0.234660621609988
6.13719069122112  -1.97195215841584  0.844769201320133
-11.2458889939194  3.37862440383316  2.81632971537636
-13.3331408971847  1.05689253723633  2.02069975204477
2.02086989538779  -11.5092750125825  -1.85817327784653
-14.4825013406197  -1.97722760120191  1.18399871375794
1.288248164237  -17.0101955234952  -5.13078610026717
-12.5375770122615  -4.21460521314221  1.19335244510123
7.72171002171757  17.3187927068324  -1.72346972066568
2.95393994689878  16.5974072848076  -0.631285245566315
-5.48181339422489  -3.54598705043462  2.53392326704783
5.10116911917811  -16.4140215347599  -5.84248320728202
12.0592529578878  -8.38258815841584  -4.20755346534653
-3.9812084685828  -6.62877106037663  1.30260071112405
